[500.1662, 500.3850, 500.5535, 500.6932, 500.8132, 500.9188, 501.0129, 501.0977, 501.1748, 501.2453, 501.3102, 501.3701, 501.4258, 501.4776, 501.5260, 501.5713, 501.6138, 501.6537, 501.6912, 501.7264, 501.7594, 501.7902, 501.8190, 501.8456, 501.8701, 501.8924, 501.9123, 501.9298, 501.9447, 501.9568, 501.9658, 501.9716, 501.9736, 501.9717, 501.9653, 501.9540, 501.9372, 501.9143, 501.8846, 501.8472, 501.8010, 501.7450, 501.6776, 501.5971, 501.5013, 501.3872, 501.2510, 501.0867, 500.8852, 500.6294, 500.2796, ],
[500.3812, 500.9710, 501.4513, 501.8570, 502.2084, 502.5182, 502.7946, 503.0438, 503.2701, 503.4769, 503.6671, 503.8426, 504.0053, 504.1566, 504.2977, 504.4296, 504.5531, 504.6688, 504.7773, 504.8790, 504.9742, 505.0630, 505.1455, 505.2216, 505.2914, 505.3545, 505.4108, 505.4597, 505.5008, 505.5335, 505.5571, 505.5708, 505.5736, 505.5644, 505.5419, 505.5048, 505.4514, 505.3797, 505.2876, 505.1725, 505.0315, 504.8610, 504.6569, 504.4139, 504.1256, 503.7836, 503.3768, 502.8896, 502.2986, 501.5665, 500.6292, ],
[500.5421, 501.4359, 502.1891, 502.8370, 503.4034, 503.9051, 504.3541, 504.7594, 505.1277, 505.4645, 505.7739, 506.0595, 506.3240, 506.5698, 506.7988, 507.0128, 507.2128, 507.4002, 507.5756, 507.7397, 507.8931, 508.0359, 508.1684, 508.2905, 508.4019, 508.5025, 508.5916, 508.6686, 508.7328, 508.7831, 508.8183, 508.8371, 508.8380, 508.8190, 508.7782, 508.7131, 508.6211, 508.4990, 508.3433, 508.1498, 507.9137, 507.6293, 507.2899, 506.8871, 506.4109, 505.8483, 505.1828, 504.3921, 503.4450, 502.2974, 500.8847, ],
[500.6700, 501.8143, 502.8018, 503.6639, 504.4247, 505.1026, 505.7116, 506.2624, 506.7637, 507.2223, 507.6438, 508.0328, 508.3930, 508.7276, 509.0393, 509.3301, 509.6019, 509.8562, 510.0941, 510.3165, 510.5239, 510.7170, 510.8957, 511.0600, 511.2098, 511.3444, 511.4633, 511.5656, 511.6500, 511.7152, 511.7597, 511.7815, 511.7784, 511.7480, 511.6874, 511.5934, 511.4621, 511.2895, 511.0705, 510.7996, 510.4704, 510.0750, 509.6047, 509.0485, 508.3934, 507.6232, 506.7176, 505.6505, 504.3880, 502.8855, 501.0851, ],
[500.7744, 502.1263, 503.3129, 504.3614, 505.2946, 506.1310, 506.8852, 507.5693, 508.1929, 508.7640, 509.2892, 509.7740, 510.2230, 510.6401, 511.0283, 511.3905, 511.7289, 512.0452, 512.3409, 512.6171, 512.8745, 513.1138, 513.3350, 513.5382, 513.7229, 513.8886, 514.0344, 514.1591, 514.2614, 514.3395, 514.3913, 514.4144, 514.4062, 514.3635, 514.2826, 514.1595, 513.9895, 513.7673, 513.4870, 513.1415, 512.7229, 512.2219, 511.6276, 510.9274, 510.1058, 509.1446, 508.0211, 506.7079, 505.1707, 503.3675, 501.2475, ],
[500.8602, 502.3844, 503.7388, 504.9473, 506.0308, 507.0070, 507.8908, 508.6945, 509.4287, 510.1020, 510.7217, 511.2940, 511.8242, 512.3167, 512.7751, 513.2027, 513.6020, 513.9751, 514.3237, 514.6492, 514.9524, 515.2339, 515.4939, 515.7324, 515.9489, 516.1428, 516.3129, 516.4578, 516.5759, 516.6651, 516.7228, 516.7464, 516.7323, 516.6770, 516.5762, 516.4249, 516.2177, 515.9483, 515.6098, 515.1939, 514.6914, 514.0918, 513.3827, 512.5498, 511.5765, 510.4428, 509.1255, 507.5965, 505.8229, 503.7658, 501.3809, ],
[500.9304, 502.5967, 504.0912, 505.4350, 506.6473, 507.7447, 508.7418, 509.6512, 510.4835, 511.2478, 511.9521, 512.6029, 513.2061, 513.7664, 514.2882, 514.7747, 515.2291, 515.6535, 516.0501, 516.4201, 516.7647, 517.0844, 517.3796, 517.6501, 517.8954, 518.1147, 518.3067, 518.4698, 518.6020, 518.7009, 518.7637, 518.7871, 518.7673, 518.7000, 518.5802, 518.4025, 518.1605, 517.8473, 517.4548, 516.9740, 516.3945, 515.7048, 514.8914, 513.9389, 512.8297, 511.5434, 510.0562, 508.3407, 506.3657, 504.0955, 501.4908, ],
[500.9871, 502.7690, 504.3787, 505.8350, 507.1555, 508.3558, 509.4501, 510.4505, 511.3679, 512.2117, 512.9900, 513.7099, 514.3774, 514.9978, 515.5755, 516.1144, 516.6177, 517.0878, 517.5270, 517.9368, 518.3183, 518.6723, 518.9990, 519.2982, 519.5694, 519.8115, 520.0233, 520.2028, 520.3478, 520.4556, 520.5229, 520.5462, 520.5211, 520.4428, 520.3060, 520.1043, 519.8309, 519.4780, 519.0369, 518.4976, 517.8491, 517.0789, 516.1727, 515.1146, 513.8863, 512.4671, 510.8336, 508.9594, 506.8147, 504.3670, 501.5809, ],
[501.0317, 502.9055, 504.6076, 506.1552, 507.5644, 508.8499, 510.0251, 511.1021, 512.0916, 513.0030, 513.8445, 514.6235, 515.3463, 516.0185, 516.6447, 517.2290, 517.7747, 518.2847, 518.7612, 519.2058, 519.6199, 520.0041, 520.3586, 520.6833, 520.9776, 521.2403, 521.4698, 521.6642, 521.8209, 521.9370, 522.0088, 522.0324, 522.0032, 521.9157, 521.7641, 521.5416, 521.2408, 520.8532, 520.3695, 519.7791, 519.0703, 518.2300, 517.2434, 516.0941, 514.7635, 513.2312, 511.4741, 509.4669, 507.1816, 504.5880, 501.6540, ],
[501.0653, 503.0094, 504.7831, 506.4021, 507.8814, 509.2348, 510.4753, 511.6144, 512.6627, 513.6295, 514.5232, 515.3513, 516.1202, 516.8356, 517.5025, 518.1250, 518.7067, 519.2505, 519.7588, 520.2333, 520.6754, 521.0858, 521.4646, 521.8118, 522.1264, 522.4074, 522.6530, 522.8610, 523.0287, 523.1527, 523.2294, 523.2542, 523.2222, 523.1277, 522.9643, 522.7248, 522.4012, 521.9846, 521.4650, 520.8315, 520.0718, 519.1724, 518.1180, 516.8921, 515.4762, 513.8499, 511.9909, 509.8748, 507.4753, 504.7642, 501.7120, ],
[501.0889, 503.0831, 504.9088, 506.5806, 508.1123, 509.5172, 510.8075, 511.9944, 513.0883, 514.0985, 515.0332, 515.9000, 516.7056, 517.4555, 518.1551, 518.8085, 519.4194, 519.9910, 520.5255, 521.0249, 521.4905, 521.9230, 522.3227, 522.6892, 523.0217, 523.3190, 523.5790, 523.7996, 523.9777, 524.1098, 524.1919, 524.2193, 524.1865, 524.0876, 523.9157, 523.6634, 523.3222, 522.8827, 522.3346, 521.6664, 520.8656, 519.9183, 518.8091, 517.5213, 516.0366, 514.3350, 512.3947, 510.1923, 507.7029, 504.9001, 501.7564, ],
[501.1030, 503.1287, 504.9880, 506.6948, 508.2620, 509.7023, 511.0274, 512.2481, 513.3746, 514.4159, 515.3805, 516.2757, 517.1082, 517.8839, 518.6080, 519.2849, 519.9183, 520.5114, 521.0665, 521.5858, 522.0703, 522.5210, 522.9380, 523.3209, 523.6688, 523.9804, 524.2536, 524.4859, 524.6742, 524.8147, 524.9031, 524.9345, 524.9033, 524.8030, 524.6265, 524.3660, 524.0127, 523.5569, 522.9879, 522.2939, 521.4622, 520.4785, 519.3275, 517.9924, 516.4552, 514.6961, 512.6941, 510.4266, 507.8700, 504.9992, 501.7885, ],
[501.1081, 503.1475, 505.0231, 506.7479, 508.3345, 509.7946, 511.1398, 512.3805, 513.5265, 514.5870, 515.5701, 516.4833, 517.3332, 518.1258, 518.8662, 519.5590, 520.2080, 520.8163, 521.3865, 521.9204, 522.4194, 522.8843, 523.3152, 523.7116, 524.0727, 524.3968, 524.6819, 524.9253, 525.1237, 525.2731, 525.3691, 525.4064, 525.3792, 525.2809, 525.1040, 524.8403, 524.4809, 524.0157, 523.4337, 522.7231, 521.8706, 520.8622, 519.6824, 518.3145, 516.7405, 514.9413, 512.8963, 510.5838, 507.9811, 505.0643, 501.8092, ],
[501.1048, 503.1409, 505.0160, 506.7426, 508.3327, 509.7977, 511.1485, 512.3956, 513.5485, 514.6161, 515.6065, 516.5272, 517.3848, 518.1853, 518.9339, 519.6350, 520.2926, 520.9099, 521.4893, 522.0329, 522.5419, 523.0170, 523.4584, 523.8656, 524.2375, 524.5725, 524.8685, 525.1224, 525.3311, 525.4902, 525.5952, 525.6406, 525.6203, 525.5275, 525.3546, 525.0931, 524.7337, 524.2662, 523.6795, 522.9615, 522.0989, 521.0774, 519.8816, 518.4950, 516.8998, 515.0772, 513.0072, 510.6687, 508.0398, 505.0977, 501.8193, ],
[501.0932, 503.1097, 504.9683, 506.6809, 508.2592, 509.7143, 511.0568, 512.2969, 513.4439, 514.5067, 515.4933, 516.4111, 517.2667, 518.0661, 518.8145, 519.5164, 520.1756, 520.7955, 521.3786, 521.9267, 522.4411, 522.9226, 523.3712, 523.7864, 524.1671, 524.5115, 524.8173, 525.0815, 525.3007, 525.4705, 525.5861, 525.6419, 525.6316, 525.5482, 525.3839, 525.1301, 524.7772, 524.3149, 523.7318, 523.0158, 522.1535, 521.1306, 519.9317, 518.5403, 516.9390, 515.1092, 513.0314, 510.6851, 508.0490, 505.1012, 501.8193, ],
[501.0737, 503.0547, 504.8810, 506.5644, 508.1159, 509.5467, 510.8670, 512.0869, 513.2155, 514.2617, 515.2333, 516.1378, 516.9817, 517.7710, 518.5108, 519.2058, 519.8598, 520.4760, 521.0570, 521.6046, 522.1200, 522.6040, 523.0566, 523.4772, 523.8645, 524.2169, 524.5317, 524.8061, 525.0362, 525.2178, 525.3458, 525.4145, 525.4175, 525.3475, 525.1967, 524.9562, 524.6165, 524.1668, 523.5960, 522.8915, 522.0401, 521.0274, 519.8380, 518.4557, 516.8630, 515.0418, 512.9728, 510.6361, 508.0110, 505.0762, 501.8099, ],
[501.0463, 502.9763, 504.7551, 506.3941, 507.9043, 509.2965, 510.5810, 511.7675, 512.8654, 513.8831, 514.8287, 515.7094, 516.5319, 517.3021, 518.0251, 518.7056, 519.3474, 519.9536, 520.5268, 521.0688, 521.5809, 522.0636, 522.5170, 522.9404, 523.3324, 523.6913, 524.0145, 524.2989, 524.5406, 524.7352, 524.8775, 524.9618, 524.9815, 524.9292, 524.7969, 524.5757, 524.2557, 523.8265, 523.2764, 522.5931, 521.7631, 520.7721, 519.6048, 518.2450, 516.6756, 514.8783, 512.8345, 510.5243, 507.9277, 505.0237, 501.7912, ],
[501.0114, 502.8751, 504.5912, 506.1709, 507.6252, 508.9648, 510.1999, 511.3402, 512.3948, 513.3724, 514.2809, 515.1275, 515.9189, 516.6610, 517.3589, 518.0172, 518.6398, 519.2297, 519.7895, 520.3209, 520.8253, 521.3030, 521.7541, 522.1778, 522.5727, 522.9369, 523.2678, 523.5622, 523.8162, 524.0251, 524.1839, 524.2866, 524.3265, 524.2962, 524.1875, 523.9915, 523.6982, 523.2971, 522.7765, 522.1239, 521.3259, 520.3682, 519.2355, 517.9117, 516.3796, 514.6215, 512.6186, 510.3516, 507.8004, 504.9448, 501.7637, ],
[500.9688, 502.7510, 504.3894, 505.8952, 507.2792, 508.5522, 509.7244, 510.8054, 511.8045, 512.7302, 513.5906, 514.3927, 515.1434, 515.8483, 516.5129, 517.1415, 517.7379, 518.3053, 518.8461, 519.3620, 519.8543, 520.3234, 520.7691, 521.1906, 521.5866, 521.9549, 522.2930, 522.5976, 522.8646, 523.0894, 523.2668, 523.3907, 523.4545, 523.4506, 523.3707, 523.2060, 522.9463, 522.5811, 522.0986, 521.4864, 520.7310, 519.8181, 518.7324, 517.4578, 515.9774, 514.2732, 512.3269, 510.1191, 507.6302, 504.8398, 501.7275, ],
[500.9186, 502.6043, 504.1500, 505.5670, 506.8664, 508.0588, 509.1545, 510.1634, 511.0946, 511.9567, 512.7579, 513.5052, 514.2054, 514.8644, 515.4872, 516.0785, 516.6419, 517.1805, 517.6968, 518.1923, 518.6683, 519.1251, 519.5624, 519.9795, 520.3748, 520.7462, 521.0910, 521.4059, 521.6867, 521.9289, 522.1271, 522.2753, 522.3666, 522.3936, 522.3479, 522.2206, 522.0015, 521.6801, 521.2445, 520.6824, 519.9801, 519.1234, 518.0971, 516.8849, 515.4701, 513.8347, 511.9603, 509.8278, 507.4176, 504.7094, 501.6828, ],
[500.8608, 502.4347, 503.8727, 505.1861, 506.3863, 507.4841, 508.4899, 509.4136, 510.2645, 511.0513, 511.7822, 512.4643, 513.1044, 513.7084, 514.2813, 514.8277, 515.3513, 515.8550, 516.3412, 516.8116, 517.2671, 517.7080, 518.1341, 518.5444, 518.9373, 519.3107, 519.6619, 519.9873, 520.2830, 520.5441, 520.7654, 520.9408, 521.0634, 521.1258, 521.1196, 521.0358, 520.8644, 520.5946, 520.2147, 519.7123, 519.0738, 518.2848, 517.3302, 516.1937, 514.8584, 513.3064, 511.5194, 509.4781, 507.1629, 504.5536, 501.6296, ],
[500.7952, 502.2420, 503.5570, 504.7519, 505.8384, 506.8273, 507.7294, 508.5548, 509.3130, 510.0127, 510.6622, 511.2687, 511.8391, 512.3791, 512.8939, 513.3880, 513.8649, 514.3277, 514.7784, 515.2188, 515.6497, 516.0713, 516.4833, 516.8846, 517.2736, 517.6481, 518.0052, 518.3415, 518.6528, 518.9346, 519.1813, 519.3869, 519.5446, 519.6469, 519.6856, 519.6514, 519.5346, 519.3244, 519.0090, 518.5760, 518.0118, 517.3021, 516.4315, 515.3839, 514.1421, 512.6884, 511.0041, 509.0700, 506.8661, 504.3723, 501.5679, ],
[500.7218, 502.0257, 503.2022, 504.2635, 505.2212, 506.0870, 506.8716, 507.5854, 508.2382, 508.8389, 509.3958, 509.9164, 510.4073, 510.8745, 511.3230, 511.7573, 512.1809, 512.5967, 513.0067, 513.4124, 513.8147, 514.2136, 514.6087, 514.9989, 515.3824, 515.7570, 516.1198, 516.4672, 516.7953, 517.0992, 517.3736, 517.6125, 517.8090, 517.9558, 518.0446, 518.0663, 518.0111, 517.8683, 517.6262, 517.2723, 516.7931, 516.1741, 515.4000, 514.4545, 513.3205, 511.9798, 510.4137, 508.6028, 506.5269, 504.1655, 501.4977, ],
[500.6403, 501.7853, 502.8075, 503.7194, 504.5333, 505.2611, 505.9141, 506.5029, 507.0376, 507.5273, 507.9803, 508.4044, 508.8063, 509.1917, 509.5659, 509.9331, 510.2967, 510.6595, 511.0236, 511.3901, 511.7599, 512.1328, 512.5084, 512.8854, 513.2619, 513.6358, 514.0039, 514.3629, 514.7086, 515.0363, 515.3407, 515.6157, 515.8548, 516.0505, 516.1947, 516.2784, 516.2918, 516.2243, 516.0643, 515.7992, 515.4156, 514.8990, 514.2339, 513.4040, 512.3918, 511.1792, 509.7471, 508.0756, 506.1444, 503.9326, 501.4187, ],
[500.5505, 501.5201, 502.3715, 503.1180, 503.7724, 504.3473, 504.8542, 505.3043, 505.7078, 506.0743, 506.4122, 506.7293, 507.0324, 507.3273, 507.6190, 507.9118, 508.2090, 508.5131, 508.8261, 509.1491, 509.4825, 509.8263, 510.1798, 510.5415, 510.9097, 511.2820, 511.6553, 512.0261, 512.3904, 512.7434, 513.0800, 513.3942, 513.6794, 513.9284, 514.1332, 514.2848, 514.3737, 514.3893, 514.3201, 514.1536, 513.8763, 513.4738, 512.9304, 512.2296, 511.3538, 510.2845, 509.0024, 507.4871, 505.7178, 503.6730, 501.3308, ],
[500.4521, 501.2289, 501.8926, 502.4571, 502.9360, 503.3422, 503.6882, 503.9855, 504.2448, 504.4756, 504.6870, 504.8866, 505.0812, 505.2767, 505.4781, 505.6894, 505.9137, 506.1536, 506.4106, 506.6857, 506.9792, 507.2908, 507.6197, 507.9644, 508.3229, 508.6927, 509.0709, 509.4538, 509.8376, 510.2175, 510.5884, 510.9445, 511.2794, 511.5859, 511.8563, 512.0819, 512.2531, 512.3595, 512.3898, 512.3316, 512.1714, 511.8946, 511.4857, 510.9278, 510.2032, 509.2930, 508.1772, 506.8352, 505.2454, 503.3858, 501.2337, ],
[500.3446, 500.9107, 501.3689, 501.7340, 502.0205, 502.2422, 502.4120, 502.5420, 502.6434, 502.7262, 502.7994, 502.8709, 502.9474, 503.0349, 503.1381, 503.2609, 503.4063, 503.5764, 503.7726, 503.9958, 504.2459, 504.5225, 504.8244, 505.1502, 505.4977, 505.8644, 506.2472, 506.6426, 507.0467, 507.4548, 507.8620, 508.2627, 508.6506, 509.0188, 509.3597, 509.6649, 509.9250, 510.1299, 510.2684, 510.3281, 510.2957, 510.1567, 509.8952, 509.4943, 508.9360, 508.2008, 507.2684, 506.1174, 504.7256, 503.0699, 501.1270, ],
[500.2276, 500.5641, 500.7981, 500.9456, 501.0222, 501.0425, 501.0202, 500.9681, 500.8978, 500.8198, 500.7431, 500.6759, 500.6249, 500.5957, 500.5931, 500.6206, 500.6811, 500.7762, 500.9073, 501.0746, 501.2781, 501.5169, 501.7898, 502.0950, 502.4303, 502.7930, 503.1802, 503.5883, 504.0134, 504.4511, 504.8965, 505.3442, 505.7882, 506.2220, 506.6380, 507.0283, 507.3839, 507.6946, 507.9497, 508.1370, 508.2433, 508.2539, 508.1531, 507.9236, 507.5470, 507.0036, 506.2722, 505.3307, 504.1559, 502.7240, 501.0102, ],
[500.1005, 500.1871, 500.1772, 500.0880, 499.9362, 499.7375, 499.5067, 499.2571, 499.0010, 498.7491, 498.5109, 498.2943, 498.1062, 497.9521, 497.8362, 497.7621, 497.7319, 497.7472, 497.8088, 497.9168, 498.0706, 498.2692, 498.5109, 498.7940, 499.1160, 499.4742, 499.8654, 500.2864, 500.7331, 501.2014, 501.6866, 502.1836, 502.6866, 503.1895, 503.6851, 504.1657, 504.6228, 505.0467, 505.4268, 505.7511, 506.0068, 506.1791, 506.2523, 506.2090, 506.0303, 505.6958, 505.1837, 504.4711, 503.5337, 502.3462, 500.8828, ],
[499.9625, 499.7779, 499.5029, 499.1565, 498.7568, 498.3207, 497.8641, 497.4011, 496.9446, 496.5058, 496.0941, 495.7177, 495.3833, 495.0960, 494.8598, 494.6778, 494.5517, 494.4827, 494.4711, 494.5164, 494.6178, 494.7739, 494.9828, 495.2423, 495.5499, 495.9028, 496.2979, 496.7317, 497.2005, 497.7004, 498.2268, 498.7749, 499.3395, 499.9146, 500.4938, 501.0696, 501.6341, 502.1780, 502.6911, 503.1619, 503.5776, 503.9238, 504.1847, 504.3426, 504.3782, 504.2707, 503.9974, 503.5341, 502.8553, 501.9345, 500.7440, ],
[499.8129, 499.3338, 498.7712, 498.1457, 497.4773, 496.7843, 496.0838, 495.3909, 494.7191, 494.0799, 493.4830, 492.9364, 492.4466, 492.0183, 491.6552, 491.3596, 491.1329, 490.9755, 490.8871, 490.8670, 490.9137, 491.0253, 491.1997, 491.4344, 491.7267, 492.0737, 492.4722, 492.9188, 493.4100, 493.9421, 494.5107, 495.1116, 495.7398, 496.3900, 497.0562, 497.7317, 498.4088, 499.0792, 499.7331, 500.3594, 500.9457, 501.4780, 501.9403, 502.3149, 502.5822, 502.7205, 502.7062, 502.5140, 502.1168, 501.4863, 500.5930, ],
[499.6506, 498.8519, 497.9770, 497.0490, 496.0896, 495.1191, 494.1557, 493.2157, 492.3132, 491.4601, 490.6662, 489.9393, 489.2854, 488.7089, 488.2127, 487.7984, 487.4667, 487.2174, 487.0496, 486.9616, 486.9516, 487.0171, 487.1558, 487.3646, 487.6408, 487.9812, 488.3827, 488.8420, 489.3557, 489.9202, 490.5318, 491.1865, 491.8800, 492.6075, 493.3636, 494.1424, 494.9371, 495.7399, 496.5417, 497.3323, 498.0996, 498.8299, 499.5077, 500.1149, 500.6317, 501.0356, 501.3020, 501.4041, 501.3131, 500.9986, 500.4288, ],
[499.4744, 498.3286, 497.1147, 495.8585, 494.5842, 493.3140, 492.0677, 490.8628, 489.7140, 488.6334, 487.6309, 486.7139, 485.8879, 485.1564, 484.5215, 483.9842, 483.5441, 483.2001, 482.9504, 482.7928, 482.7246, 482.7430, 482.8448, 483.0270, 483.2863, 483.6196, 484.0236, 484.4952, 485.0311, 485.6281, 486.2829, 486.9920, 487.7517, 488.5580, 489.4063, 490.2916, 491.2078, 492.1482, 493.1046, 494.0676, 495.0258, 495.9662, 496.8733, 497.7295, 498.5144, 499.2047, 499.7749, 500.1963, 500.4382, 500.4676, 500.2500, ],
[499.2828, 497.7594, 496.1771, 494.5648, 492.9496, 491.3560, 489.8057, 488.3173, 486.9062, 485.5847, 484.3624, 483.2461, 482.2404, 481.3481, 480.5701, 479.9062, 479.3549, 478.9142, 478.5812, 478.3529, 478.2257, 478.1961, 478.2606, 478.4155, 478.6574, 478.9830, 479.3889, 479.8721, 480.4297, 481.0588, 481.7565, 482.5200, 483.3462, 484.2321, 485.1739, 486.1677, 487.2086, 488.2910, 489.4077, 490.5505, 491.7090, 492.8710, 494.0216, 495.1433, 496.2155, 497.2145, 498.1130, 498.8809, 499.4848, 499.8889, 500.0553, ],
[499.0741, 497.1391, 495.1555, 493.1563, 491.1719, 489.2296, 487.3530, 485.5619, 483.8724, 482.2967, 480.8438, 479.5198, 478.3282, 477.2702, 476.3456, 475.5527, 474.8887, 474.3502, 473.9333, 473.6338, 473.4474, 473.3698, 473.3966, 473.5240, 473.7481, 474.0654, 474.4726, 474.9667, 475.5451, 476.2053, 476.9450, 477.7620, 478.6542, 479.6194, 480.6551, 481.7585, 482.9261, 484.1535, 485.4353, 486.7643, 488.1318, 489.5264, 490.9342, 492.3383, 493.7179, 495.0486, 496.3021, 497.4460, 498.4440, 499.2569, 499.8426, ],
[498.8459, 496.4611, 494.0396, 491.6192, 489.2346, 486.9161, 484.6896, 482.5761, 480.5920, 478.7493, 477.0562, 475.5172, 474.1344, 472.9074, 471.8341, 470.9111, 470.1341, 469.4980, 468.9977, 468.6276, 468.3825, 468.2572, 468.2468, 468.3466, 468.5527, 468.8611, 469.2688, 469.7727, 470.3706, 471.0604, 471.8405, 472.7094, 473.6661, 474.7093, 475.8380, 477.0507, 478.3455, 479.7197, 481.1697, 482.6902, 484.2740, 485.9114, 487.5898, 489.2930, 491.0007, 492.6879, 494.3250, 495.8772, 497.3050, 498.5648, 499.6097, ],
[498.5955, 495.7172, 492.8162, 489.9364, 487.1173, 484.3930, 481.7917, 479.3357, 477.0413, 474.9198, 472.9778, 471.2183, 469.6409, 468.2432, 467.0209, 465.9684, 465.0794, 464.3473, 463.7651, 463.3261, 463.0237, 462.8519, 462.8049, 462.8776, 463.0655, 463.3647, 463.7719, 464.2843, 464.9000, 465.6173, 466.4353, 467.3536, 468.3720, 469.4906, 470.7099, 472.0300, 473.4509, 474.9720, 476.5918, 478.3071, 480.1131, 482.0022, 483.9636, 485.9825, 488.0393, 490.1090, 492.1606, 494.1568, 496.0543, 497.8043, 499.3537, ],
[498.3194, 494.8972, 491.4692, 488.0866, 484.7951, 481.6330, 478.6310, 475.8122, 473.1926, 470.7818, 468.5844, 466.6006, 464.8275, 463.2596, 461.8900, 460.7105, 459.7126, 458.8875, 458.2265, 457.7213, 457.3640, 457.1475, 457.0653, 457.1117, 457.2817, 457.5711, 457.9767, 458.4959, 459.1271, 459.8691, 460.7219, 461.6858, 462.7620, 463.9520, 465.2578, 466.6816, 468.2255, 469.8913, 471.6799, 473.5913, 475.6233, 477.7711, 480.0266, 482.3770, 484.8043, 487.2836, 489.7831, 492.2629, 494.6751, 496.9649, 499.0711, ],
[498.0132, 493.9881, 489.9779, 486.0433, 482.2372, 478.6028, 475.1733, 471.9721, 469.0136, 466.3053, 463.8485, 461.6397, 459.6724, 457.9376, 456.4249, 455.1234, 454.0216, 453.1084, 452.3731, 451.8057, 451.3969, 451.1385, 451.0231, 451.0443, 451.1967, 451.4760, 451.8787, 452.4027, 453.0465, 453.8097, 454.6929, 455.6977, 456.8263, 458.0820, 459.4684, 460.9900, 462.6513, 464.4569, 466.4110, 468.5167, 470.7756, 473.1866, 475.7451, 478.4415, 481.2601, 484.1773, 487.1608, 490.1681, 493.1464, 496.0330, 498.7572, ],
[497.6710, 492.9730, 488.3159, 483.7726, 479.4050, 475.2615, 471.3774, 467.7752, 464.4670, 461.4561, 458.7393, 456.3084, 454.1520, 452.2569, 450.6086, 449.1925, 447.9942, 446.9998, 446.1964, 445.5723, 445.1167, 444.8200, 444.6739, 444.6715, 444.8069, 445.0756, 445.4741, 446.0004, 446.6534, 447.4335, 448.3419, 449.3814, 450.5556, 451.8693, 453.3283, 454.9393, 456.7097, 458.6472, 460.7597, 463.0545, 465.5376, 468.2127, 471.0799, 474.1342, 477.3638, 480.7477, 484.2539, 487.8377, 491.4408, 494.9914, 498.4062, ],
[497.2851, 491.8297, 486.4488, 481.2314, 476.2499, 471.5584, 467.1931, 463.1742, 459.5091, 456.1952, 453.2228, 450.5773, 448.2416, 446.1967, 444.4237, 442.9036, 441.6188, 440.5524, 439.6891, 439.0152, 438.5184, 438.1879, 438.0145, 437.9906, 438.1098, 438.3674, 438.7601, 439.2859, 439.9442, 440.7359, 441.6632, 442.7299, 443.9411, 445.3033, 446.8243, 448.5136, 450.3815, 452.4393, 454.6993, 457.1734, 459.8732, 462.8083, 465.9855, 469.4060, 473.0638, 476.9424, 481.0123, 485.2273, 489.5232, 493.8173, 498.0100, ],
[496.8451, 490.5280, 484.3308, 478.3630, 472.7099, 467.4304, 462.5599, 458.1132, 454.0900, 450.4790, 447.2617, 444.4153, 441.9151, 439.7359, 437.8530, 436.2432, 434.8847, 433.7578, 432.8447, 432.1295, 431.5985, 431.2396, 431.0428, 430.9998, 431.1039, 431.3501, 431.7351, 432.2571, 432.9161, 433.7134, 434.6521, 435.7372, 436.9750, 438.3740, 439.9442, 441.6975, 443.6476, 445.8100, 448.2014, 450.8396, 453.7426, 456.9276, 460.4095, 464.1985, 468.2971, 472.6965, 477.3721, 482.2788, 487.3467, 492.4800, 497.5580, ],
[496.3363, 489.0266, 481.8998, 475.0926, 468.7048, 462.7986, 457.4040, 452.5261, 448.1524, 444.2591, 440.8158, 437.7894, 435.1462, 432.8535, 430.8804, 429.1987, 427.7826, 426.6093, 425.6583, 424.9119, 424.3548, 423.9740, 423.7583, 423.6991, 423.7892, 424.0236, 424.3989, 424.9136, 425.5679, 426.3639, 427.3056, 428.3987, 429.6511, 431.0730, 432.6765, 434.4764, 436.4898, 438.7361, 441.2375, 444.0179, 447.1031, 450.5194, 454.2921, 458.4431, 462.9876, 467.9287, 473.2515, 478.9156, 484.8478, 490.9372, 497.0353, ],
[495.7375, 487.2661, 479.0691, 471.3192, 464.1307, 457.5639, 451.6365, 446.3361, 441.6320, 437.4827, 433.8430, 430.6665, 427.9093, 425.5300, 423.4913, 421.7596, 420.3052, 419.1019, 418.1270, 417.3611, 416.7872, 416.3915, 416.1622, 416.0899, 416.1675, 416.3896, 416.7530, 417.2563, 417.9002, 418.6872, 419.6221, 420.7115, 421.9648, 423.3935, 425.0120, 426.8376, 428.8908, 431.1954, 433.7789, 436.6721, 439.9095, 443.5278, 447.5655, 452.0599, 457.0432, 462.5371, 468.5437, 475.0347, 481.9385, 489.1288, 496.4204, ],
[495.0167, 485.1589, 475.7151, 466.9044, 458.8512, 451.6025, 445.1506, 439.4550, 434.4578, 430.0945, 426.3004, 423.0145, 420.1805, 417.7484, 415.6739, 413.9182, 412.4477, 411.2334, 410.2505, 409.4778, 408.8976, 408.4949, 408.2575, 408.1757, 408.2421, 408.4514, 408.8005, 409.2880, 409.9151, 410.6848, 411.6022, 412.6752, 413.9139, 415.3313, 416.9437, 418.7707, 420.8361, 423.1678, 425.7986, 428.7666, 432.1154, 435.8938, 440.1555, 444.9569, 450.3539, 456.3946, 463.1097, 470.4954, 478.4931, 486.9656, 495.6807, ],
[494.1221, 482.5689, 471.6559, 461.6558, 452.6874, 444.7604, 437.8211, 431.7843, 426.5547, 422.0382, 418.1473, 414.8040, 411.9398, 409.4955, 407.4201, 405.6702, 404.2088, 403.0046, 402.0310, 401.2658, 400.6902, 400.2889, 400.0494, 399.9618, 400.0186, 400.2145, 400.5465, 401.0137, 401.6172, 402.3604, 403.2490, 404.2915, 405.4987, 406.8848, 408.4676, 410.2688, 412.3146, 414.6368, 417.2731, 420.2685, 423.6760, 427.5570, 431.9825, 437.0316, 442.7900, 449.3435, 456.7666, 465.1020, 474.3273, 484.3104, 494.7641, ],
[492.9638, 479.2739, 466.6152, 455.3033, 445.4058, 436.8510, 429.5053, 423.2189, 417.8474, 413.2612, 409.3479, 406.0120, 403.1730, 400.7634, 398.7269, 397.0160, 395.5914, 394.4200, 393.4743, 392.7313, 392.1720, 391.7809, 391.5454, 391.4557, 391.5043, 391.6862, 391.9984, 392.4402, 393.0129, 393.7201, 394.5680, 395.5650, 396.7229, 398.0563, 399.5841, 401.3292, 403.3200, 405.5910, 408.1842, 411.1504, 414.5512, 418.4603, 422.9664, 428.1740, 434.2042, 441.1920, 449.2769, 458.5805, 469.1618, 480.9388, 493.5799, ],
[491.3655, 474.8868, 460.1627, 447.4677, 436.7094, 427.6561, 420.0503, 413.6549, 408.2674, 403.7201, 399.8762, 396.6243, 393.8742, 391.5522, 389.5978, 387.9618, 386.6032, 385.4884, 384.5898, 383.8842, 383.3530, 382.9809, 382.7555, 382.6673, 382.7091, 382.8761, 383.1655, 383.5767, 384.1112, 384.7727, 385.5673, 386.5037, 387.5935, 388.8519, 390.2977, 391.9547, 393.8521, 396.0263, 398.5217, 401.3935, 404.7098, 408.5549, 413.0332, 418.2743, 424.4376, 431.7165, 440.3377, 450.5469, 462.5623, 476.4610, 491.9509, ],
[488.9232, 468.6880, 451.6202, 437.6305, 426.2394, 416.9414, 409.3087, 403.0032, 397.7635, 393.3882, 389.7210, 386.6399, 384.0487, 381.8706, 380.0443, 378.5200, 377.2573, 376.2232, 375.3907, 374.7377, 374.2461, 373.9014, 373.6919, 373.6086, 373.6447, 373.7958, 374.0593, 374.4346, 374.9234, 375.5293, 376.2582, 377.1185, 378.1215, 379.2820, 380.6185, 382.1542, 383.9184, 385.9472, 388.2861, 390.9917, 394.1355, 397.8081, 402.1254, 407.2368, 413.3359, 420.6756, 429.5836, 440.4763, 453.8451, 470.1536, 489.4718, ],
[484.5127, 459.2681, 439.9421, 425.1338, 413.6115, 404.4928, 397.1674, 391.2094, 386.3154, 382.2645, 378.8924, 376.0745, 373.7149, 371.7386, 370.0862, 368.7103, 367.5727, 366.6425, 365.8945, 365.3083, 364.8672, 364.5578, 364.3695, 364.2940, 364.3252, 364.4591, 364.6933, 365.0276, 365.4633, 366.0039, 366.6548, 367.4239, 368.3218, 369.3620, 370.5620, 371.9437, 373.5345, 375.3690, 377.4908, 379.9549, 382.8317, 386.2123, 390.2155, 394.9996, 400.7783, 407.8469, 416.6219, 427.7026, 441.9576, 460.6023, 485.0161, ],
[474.3263, 443.8801, 423.6926, 409.2940, 398.5187, 390.1861, 383.5903, 378.2793, 373.9481, 370.3821, 367.4258, 364.9634, 362.9067, 361.1876, 359.7528, 358.5597, 357.5745, 356.7696, 356.1228, 355.6162, 355.2352, 354.9680, 354.8053, 354.7399, 354.7666, 354.8818, 355.0835, 355.3714, 355.7468, 356.2128, 356.7742, 357.4378, 358.2131, 359.1119, 360.1498, 361.3461, 362.7252, 364.3181, 366.1639, 368.3123, 370.8275, 373.7932, 377.3206, 381.5597, 386.7189, 393.0961, 401.1351, 411.5314, 425.4536, 445.0510, 474.7721, ],
